-117,463
-123,458
-129,452
-136,445
-142,439
-149,433
-155,427
-161,421
-168,414
-175,408
-181,401
-188,395
-195,389
-201,383
-208,376
-215,370
-222,363
-228,357
-235,350
-241,344
-248,338
-254,332
-261,325
-267,319
-274,313
-281,306
-287,300
-294,294
-301,287
-307,281
-313,275
-319,270
-325,264
-330,259
-335,255
-339,250
-344,246
-348,242
-352,238
-355,235
-359,231
-362,228
-365,224
-367,221
-370,217
-372,212
-374,208
-375,204
-376,200
-377,195
-378,191
-378,187
-378,183
-378,179
-377,173
-376,169
-375,164
-374,160
-373,156
-372,151
-371,147
-370,143
-369,138
-368,133
-367,129
-366,123
-366,119
-366,113
-366,108
-366,103
-366,98
-367,93
-367,88
-369,82
-370,76
-372,71
-373,66
-376,61
-378,56
-381,51
-383,46
-387,41
-390,36
-394,32
-397,27
-402,23
-406,18
-410,14
-415,10
-419,6
-424,2
-432,-5
-436,-9
-441,-13
-446,-17
-451,-21
-456,-26
-462,-30
-467,-35
-472,-40
-477,-45
-482,-49
-488,-54
-493,-59
-498,-64
-503,-70
-509,-75
-514,-80
-519,-86
-525,-91
-530,-97
-536,-102
-541,-108
-547,-114
-552,-119
-557,-125
-563,-131
-568,-137
-574,-143
-579,-149
-584,-156
-590,-162
-595,-168
-600,-174
-605,-180
-611,-187
-616,-193
-621,-200
-626,-206
-631,-213
-636,-220
-641,-227
-646,-233
-651,-240
-656,-247
-661,-254
-666,-261
-670,-268
-675,-275
-680,-282
-685,-290
-689,-297
-693,-303
-697,-310
-700,-316
-704,-321
-707,-327
-710,-332
-713,-336
-715,-340
-717,-344
-719,-348
-721,-352
-723,-356
-725,-359
-728,-365
-730,-370
-732,-375
-732,-379
-733,-383
-733,-388
-732,-392
-731,-396
-729,-401
-726,-405
-723,-408
-719,-412
-715,-415
-711,-417
-707,-418
-703,-420
-697,-421
-692,-421
-687,-421
-680,-421
-677,-421
-671,-421
-668,-421
-662,-421
-658,-421
-654,-421
-651,-422
-646,-423
-642,-423
-638,-424
-634,-426
-630,-427
-626,-429
-623,-431
-619,-433
-615,-436
-612,-439
-609,-442
-606,-445
-603,-448
-600,-452
-598,-456
-596,-459
-594,-463
-593,-467
-591,-474
-590,-478
-590,-482
-589,-486
-589,-490
-589,-494
-590,-499
-590,-503
-591,-507
-591,-512
-592,-516
-593,-521
-594,-526
-595,-530
-596,-535
-597,-540
-598,-544
-599,-549
-601,-554
-602,-560
-602,-565
-603,-570
-604,-575
-604,-581
-605,-587
-605,-593
-606,-598
-606,-604
-606,-611
-606,-617
-605,-623
-604,-629
-603,-635
-602,-642
-600,-648
-598,-654
-596,-659
-593,-665
-590,-671
-587,-676
-584,-682
-580,-686
-576,-691
-572,-696
-567,-701
-562,-705
-556,-709
-551,-713
-546,-717
-541,-721
-535,-725
-530,-729
-524,-733
-518,-737
-512,-740
-506,-744
-499,-748
-493,-751
-487,-755
-480,-758
-474,-762
-467,-765
-460,-769
-454,-772
-447,-776
-440,-779
-432,-782
-425,-786
-418,-789
-411,-792
-403,-795
-396,-799
-388,-802
-381,-805
-381,-805
-374,-808
-366,-812
-358,-816
-351,-820
-343,-824
-336,-828
-328,-832
-321,-836
-314,-839
-308,-843
-302,-847
-297,-850
-292,-853
-287,-856
-283,-858
-279,-861
-275,-863
-271,-866
-268,-868
-264,-869
-260,-871
-256,-872
-252,-873
-248,-874
-244,-875
-240,-875
-236,-875
-232,-874
-229,-874
-225,-873
-220,-871
-216,-869
-212,-867
-209,-865
-206,-863
-202,-860
-199,-858
-195,-855
-191,-852
-188,-850
-184,-847
-180,-845
-176,-842
-172,-840
-167,-838
-163,-836
-158,-834
-153,-831
-148,-830
-143,-828
-138,-826
-133,-825
-127,-823
-122,-822
-116,-821
-110,-820
-104,-819
-98,-818
-91,-817
-85,-816
-78,-814
-72,-813
-65,-811
-59,-810
-52,-808
-45,-806
-39,-804
-32,-801
-26,-798
-20,-795
-13,-792
-7,-789
-1,-785
5,-781
11,-777
16,-772
22,-767
28,-762
33,-756
38,-751
43,-745
47,-739
52,-733
56,-726
60,-719
64,-712
67,-705
70,-698
73,-691
76,-684
79,-676
81,-668
84,-660
86,-652
88,-645
91,-637
93,-629
95,-621
97,-613
98,-605
100,-596
102,-588
104,-580
106,-571
107,-562
109,-554
111,-545
112,-537
114,-530
115,-522
117,-514
118,-508
120,-501
121,-495
122,-489
123,-484
124,-478
125,-473
126,-469
127,-465
128,-460
128,-457
130,-449
130,-446
130,-440
130,-435
129,-430
128,-426
127,-423
125,-419
123,-416
121,-414
119,-412
115,-408
111,-405
107,-402
103,-400
98,-397
95,-396
91,-393
88,-391
85,-389
82,-387
79,-384
75,-382
72,-379
69,-376
66,-373
63,-369
60,-366
57,-362
54,-358
52,-354
49,-350
47,-346
44,-341
42,-336
40,-331
38,-327
37,-321
35,-316
34,-311
33,-306
32,-301
31,-295
31,-289
30,-283
29,-277
29,-272
28,-266
27,-260
26,-253
26,-247
25,-241
24,-235
23,-228
22,-221
22,-215
21,-208
20,-202
20,-195
19,-188
18,-181
18,-173
18,-166
17,-159
17,-152
17,-144
17,-137
18,-129
18,-121
19,-114
19,-107
20,-99
21,-92
22,-84
23,-76
24,-69
26,-61
27,-53
29,-45
31,-37
33,-30
36,-22
38,-14
41,-7
44,1
47,8
50,15
54,22
58,30
62,38
66,45
70,52
75,59
80,66
84,73
90,80
95,86
100,93
106,100
111,106
117,113
123,119
128,125
134,130
141,137
141,137
147,143
153,149
160,155
166,161
173,167
179,173
186,179
193,184
200,190
206,195
213,201
220,206
226,211
232,216
238,220
243,223
249,226
254,228
260,231
264,232
270,233
275,234
280,235
285,235
290,236
295,235
300,235
305,234
310,234
315,233
321,232
326,231
331,230
336,229
341,229
347,228
352,228
358,228
363,229
369,229
374,230
380,231
386,232
392,234
397,235
403,237
408,239
413,242
418,244
424,247
429,250
434,254
439,257
444,261
450,264
455,268
460,273
465,276
471,281
476,285
481,289
486,294
491,298
497,303
502,307
507,312
512,317
517,322
522,327
527,331
533,336
538,341
544,347
549,352
555,358
560,363
565,368
571,374
576,380
581,385
587,391
593,398
598,404
603,410
608,417
613,423
618,430
623,437
627,444
631,451
635,458
639,465
643,473
647,480
650,488
653,496
656,504
659,511
662,520
665,528
668,536
670,544
673,552
676,560
679,569
681,577
684,586
687,594
689,602
692,611
695,619
698,628
700,636
703,645
706,653
708,662
711,670
714,679
716,686
719,694
721,701
723,707
725,713
726,718
728,724
729,729
731,733
732,737
733,742
733,746
733,750
733,754
733,759
732,763
731,768
730,771
729,775
727,778
725,781
723,785
721,787
719,790
716,793
713,796
710,798
706,802
702,804
699,806
695,808
691,810
687,812
683,813
679,815
675,817
671,819
666,820
661,822
657,824
652,826
648,828
643,830
638,832
633,834
628,836
622,838
617,841
611,843
606,845
600,848
593,850
587,853
581,855
575,858
569,860
563,863
557,865
551,867
545,869
539,870
534,871
528,872
522,872
517,872
511,872
505,871
500,870
495,869
489,867
484,866
479,864
475,861
470,859
465,856
460,852
456,849
452,845
448,841
444,837
441,832
438,827
435,822
432,817
429,812
427,806
424,801
422,796
419,790
417,785
414,779
412,773
409,768
406,762
403,756
400,750
397,744
394,738
391,733
389,728
386,723
384,719
382,715
380,711
377,707
375,704
372,700
370,697
366,692
362,687
358,683
353,680
349,678
346,678
343,677
340,677
336,678
333,679
329,681
326,684
323,686
320,689
318,692
315,697
313,699
311,703
308,707
306,710
303,715
301,718
298,723
296,727
293,730
291,733
288,736
285,740
282,742
279,745
276,748
273,750
269,752
266,753
262,755
259,756
255,758
251,759
247,760
243,761
239,761
235,761
230,762
226,761
222,761
217,761
213,760
208,759
204,757
200,756
195,754
191,752
187,750
182,747
178,745
174,742
170,739
166,736
162,732
158,729
154,725
150,721
146,718
142,713
138,709
133,705
129,701
125,696
120,692
116,688
111,683
107,679
102,674
97,670
92,665
87,660
82,656
78,651
73,646
67,641
62,636
57,631
51,626
46,621
41,616
35,610
30,605
24,600
19,594
13,589
8,583
2,578
-4,572
-9,567
-15,561
-21,555
-27,550
-32,544
-38,539
-44,533
-51,527
-56,521
-62,516
-68,510
-74,504
-80,499
-86,493
-92,487
-98,481
-104,475
-110,470
-115,464
-117,463