305,-182
301,-175
296,-168
292,-161
287,-154
282,-146
278,-139
273,-132
268,-125
263,-117
258,-110
253,-102
248,-94
244,-87
239,-80
234,-73
230,-65
225,-58
220,-50
215,-42
210,-35
206,-28
200,-20
196,-12
191,-4
186,3
181,11
176,19
171,26
166,34
162,41
157,49
152,56
148,64
142,72
137,80
132,88
127,96
122,103
118,111
112,119
108,126
103,134
98,141
93,149
88,157
83,165
78,173
72,181
67,189
62,197
57,204
52,212
47,220
42,227
37,235
33,242
27,251
22,258
17,266
12,273
7,282
2,289
-5,301
-10,308
-15,317
-20,324
-26,333
-30,340
-35,348
-41,356
-45,364
-51,373
-56,381
-61,389
-66,397
-71,405
-76,412
-81,421
-86,429
-92,437
-96,444
-100,450
-104,456
-108,463
-112,468
-115,473
-119,478
-122,482
-125,486
-128,490
-132,494
-135,497
-139,499
-142,502
-146,504
-150,505
-154,507
-158,508
-162,509
-166,510
-170,510
-174,510
-178,510
-182,510
-186,509
-190,508
-194,507
-198,505
-202,503
-205,501
-209,499
-214,497
-218,496
-222,494
-226,493
-230,491
-234,490
-239,490
-244,489
-249,489
-254,489
-258,489
-263,490
-268,491
-273,492
-277,494
-282,496
-287,498
-292,500
-296,503
-301,506
-305,509
-309,512
-314,516
-318,519
-322,523
-326,527
-331,530
-335,533
-340,537
-344,540
-349,542
-354,545
-359,548
-365,550
-371,552
-376,554
-382,555
-388,556
-394,557
-400,558
-406,558
-412,558
-419,557
-425,556
-431,555
-437,554
-443,552
-449,550
-454,548
-459,545
-465,542
-470,539
-475,535
-480,532
-485,528
-489,523
-494,519
-498,514
-501,509
-505,504
-508,498
-512,492
-514,487
-517,481
-519,475
-521,469
-523,463
-525,456
-526,449
-527,443
-527,436
-528,429
-528,423
-527,416
-527,409
-526,402
-525,395
-524,389
-522,382
-520,375
-519,369
-517,362
-514,356
-512,349
-509,342
-506,336
-503,330
-500,323
-497,317
-494,311
-490,304
-487,298
-483,292
-480,286
-476,280
-471,274
-467,268
-463,261
-459,255
-455,249
-451,242
-447,236
-443,229
-438,222
-434,216
-431,209
-427,203
-423,197
-419,190
-414,183
-411,177
-406,170
-402,164
-399,157
-399,157
-395,151
-390,144
-386,139
-383,133
-379,128
-375,123
-371,118
-367,114
-362,110
-358,107
-354,104
-349,101
-345,99
-340,98
-336,96
-331,95
-327,95
-323,94
-318,94
-314,95
-310,95
-306,96
-302,98
-298,99
-294,101
-291,103
-287,105
-284,108
-280,111
-277,114
-274,117
-272,121
-269,124
-266,128
-264,132
-262,137
-260,141
-258,146
-257,150
-256,155
-255,160
-254,165
-253,170
-253,176
-254,181
-254,186
-255,191
-256,197
-257,202
-259,207
-261,212
-263,217
-265,222
-267,227
-270,232
-273,238
-276,242
-279,247
-282,252
-286,256
-289,261
-292,266
-296,271
-299,276
-303,281
-307,287
-310,292
-314,297
-318,302
-321,308
-325,313
-329,319
-333,324
-336,330
-340,336
-344,341
-347,345
-350,350
-353,355
-356,359
-358,363
-361,367
-363,371
-365,377
-367,383
-369,388
-369,392
-370,397
-370,401
-369,406
-367,412
-366,416
-364,419
-360,424
-356,427
-353,430
-349,432
-345,434
-340,435
-337,436
-332,436
-327,436
-322,436
-316,435
-313,434
-308,433
-304,431
-300,430
-297,429
-293,427
-289,425
-285,424
-281,422
-277,420
-273,419
-268,417
-264,415
-259,412
-255,410
-250,408
-245,406
-240,404
-235,402
-231,399
-226,397
-220,394
-215,392
-210,389
-204,386
-199,383
-193,379
-188,376
-182,373
-176,369
-171,365
-165,362
-160,358
-154,353
-148,349
-143,344
-137,339
-132,335
-127,330
-122,324
-117,319
-112,313
-108,308
-103,302
-98,295
-93,289
-89,283
-85,278
-81,273
-78,268
-75,263
-72,258
-69,253
-66,249
-64,245
-62,240
-60,236
-59,232
-58,228
-57,224
-56,220
-56,214
-56,211
-56,207
-56,203
-57,200
-58,196
-59,192
-60,189
-62,186
-64,182
-66,179
-68,176
-71,173
-73,170
-76,167
-79,164
-82,161
-85,159
-89,156
-92,154
-96,151
-99,149
-103,146
-106,143
-110,139
-113,136
-117,133
-120,129
-123,125
-126,121
-129,117
-132,112
-135,107
-137,103
-140,98
-143,92
-145,87
-148,81
-150,76
-153,70
-155,64
-157,58
-160,52
-162,47
-165,41
-167,35
-170,29
-173,22
-175,16
-178,10
-181,3
-185,-7
-187,-14
-190,-21
-192,-27
-194,-34
-195,-41
-197,-48
-198,-54
-198,-61
-198,-68
-198,-75
-198,-81
-197,-87
-196,-93
-194,-100
-192,-106
-190,-112
-187,-118
-184,-123
-181,-128
-177,-133
-173,-138
-169,-143
-165,-147
-161,-151
-156,-156
-151,-159
-146,-163
-140,-167
-135,-170
-130,-173
-124,-176
-118,-178
-112,-181
-106,-184
-100,-187
-94,-190
-88,-192
-82,-195
-76,-198
-70,-201
-63,-204
-57,-207
-51,-210
-44,-213
-37,-217
-31,-220
-24,-223
-17,-227
-10,-230
-3,-233
7,-238
14,-241
21,-244
28,-248
35,-251
42,-255
49,-258
56,-261
64,-265
72,-268
79,-272
87,-275
94,-279
102,-282
109,-286
117,-289
125,-293
133,-296
141,-300
149,-304
156,-307
164,-311
172,-315
180,-318
187,-322
195,-325
202,-329
209,-332
216,-335
222,-338
222,-338
228,-341
233,-343
238,-346
243,-348
247,-351
252,-353
256,-355
260,-357
264,-359
267,-361
271,-363
274,-364
277,-367
281,-369
285,-373
289,-377
292,-381
294,-385
295,-388
295,-391
295,-396
295,-399
294,-403
292,-406
290,-410
287,-413
283,-416
279,-418
276,-420
272,-421
268,-422
262,-424
259,-425
253,-426
248,-428
243,-429
237,-430
233,-431
229,-432
226,-433
221,-434
217,-434
213,-435
208,-436
203,-436
199,-436
194,-436
190,-436
186,-435
181,-434
177,-433
173,-432
169,-431
166,-429
162,-427
159,-425
155,-423
152,-421
149,-419
145,-417
141,-414
138,-412
134,-410
130,-408
126,-407
122,-405
118,-404
114,-403
110,-402
106,-402
102,-401
98,-401
94,-402
90,-402
87,-403
83,-404
76,-407
73,-409
70,-411
66,-414
64,-416
61,-419
58,-423
56,-426
54,-429
52,-434
50,-438
49,-441
49,-445
48,-449
48,-453
47,-456
48,-460
48,-464
49,-468
50,-472
51,-476
52,-480
54,-484
56,-488
58,-491
60,-495
63,-499
65,-502
69,-506
72,-509
75,-512
78,-515
81,-518
85,-521
89,-524
92,-527
96,-530
100,-533
104,-536
108,-540
112,-543
116,-546
120,-550
124,-553
129,-557
133,-560
138,-564
142,-567
147,-571
151,-574
155,-577
159,-580
163,-582
167,-585
171,-587
175,-589
179,-590
183,-592
186,-593
190,-593
194,-593
197,-593
202,-593
207,-592
212,-590
216,-588
222,-585
225,-583
229,-580
233,-577
235,-574
239,-570
242,-567
246,-563
249,-561
251,-558
254,-555
257,-552
260,-549
263,-546
266,-543
270,-540
274,-537
278,-534
283,-531
286,-529
291,-528
295,-527
299,-527
303,-527
306,-528
310,-530
313,-532
316,-535
320,-537
323,-540
326,-542
330,-543
334,-544
337,-545
342,-545
347,-545
351,-544
356,-542
360,-541
364,-539
368,-537
373,-534
378,-530
381,-529
386,-525
389,-523
394,-519
400,-515
403,-512
406,-510
409,-507
412,-503
415,-500
417,-496
420,-493
422,-489
425,-485
427,-481
430,-476
432,-472
434,-467
435,-462
437,-457
438,-452
439,-447
440,-442
440,-437
441,-431
441,-426
441,-420
440,-415
440,-410
439,-404
437,-399
436,-393
434,-388
432,-382
430,-377
428,-372
425,-366
422,-361
419,-356
416,-351
413,-345
409,-340
406,-335
402,-329
398,-324
394,-318
391,-313
387,-307
384,-302
380,-296
376,-290
373,-285
369,-279
365,-273
361,-267
357,-261
353,-255
350,-249
346,-243
342,-237
338,-231
334,-225
330,-218
325,-212
321,-205
317,-199
313,-193
309,-186
305,-182